F 1801.713691 1829.364554 3.725086
E -0.703321 11.596677 6.886646 0.133842
W C 1291.0 1881.0 383.0 1458.0 482.0 682.0 1191.0 747.0 1693.0 1043.0 1805.0 190.0
F 1800.615195 1829.962507 3.725872
E -0.741053 8.330929 4.920405 0.112715
W C 1291.0 1881.0 383.0 1458.0 482.0 682.0 1191.0 747.0 1693.0 1043.0 1805.0 190.0
F 1800.275132 1830.848458 3.726552
E -0.757348 6.880404 4.032023 0.099211
W C 1291.0 1881.0 383.0 1458.0 482.0 682.0 1191.0 747.0 1693.0 1043.0 1805.0 190.0
F 1799.987382 1830.429490 3.726705
E -0.766377 6.004672 3.498185 0.089629
W C 1291.0 1881.0 383.0 1458.0 482.0 682.0 1191.0 747.0 1693.0 1043.0 1805.0 190.0
F 1800.008662 1830.010424 3.726669
E -0.772195 5.399744 3.132379 0.082376
W C 1291.0 1881.0 383.0 1458.0 482.0 682.0 1191.0 747.0 1693.0 1043.0 1805.0 190.0
F 1799.698070 1829.805680 3.726784
E -0.776252 4.948599 2.861699 0.076640
W C 1291.0 1881.0 383.0 1458.0 482.0 682.0 1191.0 747.0 1693.0 1043.0 1805.0 190.0
F 1799.533949 1829.813639 3.726918
E -0.779258 4.595233 2.650932 0.071956
W C 1291.0 1881.0 383.0 1458.0 482.0 682.0 1191.0 747.0 1693.0 1043.0 1805.0 190.0
F 1799.426461 1829.925810 3.727065
E -0.781563 4.308628 2.480787 0.068038
W C 1291.0 1881.0 383.0 1458.0 482.0 682.0 1191.0 747.0 1693.0 1043.0 1805.0 190.0
F 1799.372693 1830.038909 3.727183
E -0.783383 4.070036 2.339685 0.064698
W C 1291.0 1881.0 383.0 1458.0 482.0 682.0 1191.0 747.0 1693.0 1043.0 1805.0 190.0
F 1799.355894 1829.978151 3.727149
E -0.784859 3.867347 2.220204 0.061805
W C 1291.0 1881.0 383.0 1458.0 482.0 682.0 1191.0 747.0 1693.0 1043.0 1805.0 190.0
F 1799.312245 1830.122861 3.727275
E -2.356880 2.117340 3.692315 0.059269
W C 1291.0 1881.0 383.0 1458.0 482.0 682.0 1191.0 747.0 1693.0 1043.0 1805.0 190.0
F 1799.358400 1830.153672 3.727299
E -2.357905 2.027556 3.539184 0.057021
W C 1291.0 1881.0 383.0 1458.0 482.0 682.0 1191.0 747.0 1693.0 1043.0 1805.0 190.0
F 1799.522714 1830.196892 3.727275
E -2.358790 1.948294 3.403739 0.055011
W C 1291.0 1881.0 383.0 1458.0 482.0 682.0 1191.0 747.0 1693.0 1043.0 1805.0 190.0
F 1787.963888 1824.221719 3.725014
E 0.661756 4.944130 3.212396 0.052792
W C 1291.0 1881.0 383.0 1458.0 482.0 682.0 1191.0 747.0 1693.0 1043.0 1805.0 190.0
F 1769.419110 1812.580803 3.735069
E 0.600097 6.236413 4.794552 0.049053
W C 1291.0 1881.0 383.0 1458.0 482.0 682.0 1191.0 747.0 1693.0 1043.0 1805.0 190.0
F 1744.702709 1794.462198 -2.537432
E 0.398355 6.449059 4.640190 0.102273
W C 1291.0 1881.0 383.0 1458.0 482.0 682.0 1191.0 747.0 1693.0 1043.0 1805.0 190.0
F 1710.849078 1778.503259 -2.577403
E 0.541435 6.693999 6.199165 0.077710
W C 1291.0 1881.0 383.0 1458.0 482.0 682.0 1191.0 747.0 1693.0 1043.0
F 1699.997278 1775.788636 -2.608329
E -0.524788 5.216184 5.017899 0.068094
W C 1291.0 1881.0 383.0 1458.0 482.0 682.0 1191.0 747.0 1693.0 1043.0
F 1647.367435 1745.495386 -2.622183
E 0.638763 6.780216 6.136653 0.057966
W C 1291.0 1881.0 383.0 1458.0 482.0 682.0 1191.0 747.0 1693.0 1043.0
F 1612.544777 1726.422687 -2.619495
E 0.356880 7.006996 5.591960 0.106307
W C 1291.0 1881.0 383.0 1458.0 482.0 682.0 1191.0 747.0 1693.0 1043.0
F 1583.864344 1710.995138 -2.624715
E 0.340422 7.175949 5.417241 0.109181
W C 1291.0 1881.0 383.0 1458.0 482.0 682.0 1191.0 747.0 1693.0 1043.0
F 1553.351688 1691.942516 -2.603119
E 0.336805 7.320208 5.349773 0.107555
W C 1291.0 1881.0 383.0 1458.0 482.0 682.0 1191.0 747.0 1693.0 1043.0
F 1549.507787 1688.712652 -2.589527
E 0.275082 5.628066 4.462826 0.089491
W C 1291.0 1881.0 383.0 1458.0 482.0 682.0 1191.0 747.0 1693.0 1043.0
F 1505.043007 1660.612142 -2.577604
E 0.423462 7.297815 4.647126 0.106000
W C 1291.0 1881.0 383.0 1458.0 482.0 682.0 1191.0 747.0 1693.0 1043.0
F 1476.984347 1631.053378 -2.460499
E 0.298539 7.712859 5.525444 0.116268
W C 383.0 1458.0 482.0 682.0 1191.0 747.0 1693.0 1043.0
F 1467.896843 1621.945509 -2.436343
E 0.196502 6.035828 4.599472 0.096022
W C 383.0 1458.0 482.0 682.0 1191.0 747.0 1693.0 1043.0
F 1432.009974 1580.607364 -2.353204
E 0.446359 7.409957 5.014911 0.106523
W C 383.0 1458.0 482.0 682.0 1191.0 747.0 1805.0 190.0 1693.0 1043.0
F 1397.039771 1562.603239 -2.507941
E 0.471640 7.642587 4.802857 0.101805
W C 1291.0 1881.0 383.0 1458.0 482.0 682.0 1191.0 747.0 1805.0 190.0 1693.0 1043.0
F 1368.729418 1545.446126 -2.551426
E 0.402298 7.815445 4.526248 0.100729
W C 1291.0 1881.0 383.0 1458.0 482.0 682.0 1191.0 747.0 1805.0 190.0 1693.0 1043.0
F 1333.923268 1510.947243 -2.442281
E 0.440467 7.833206 4.767388 0.103915
W C 383.0 1458.0 482.0 682.0 1191.0 747.0 1805.0 190.0 1693.0 1043.0
F 1312.856093 1493.184834 -2.462392
E 0.547109 7.778032 4.980806 0.103788
W C 383.0 1458.0 482.0 682.0 1191.0 747.0 1805.0 190.0 1693.0 1043.0
F 1304.962549 1488.139868 -2.477374
E 0.513426 6.032984 4.139062 0.086275
W C 383.0 1458.0 482.0 682.0 1191.0 747.0 1805.0 190.0 1693.0 1043.0
F 1254.939768 1453.740279 -2.527372
E 0.601510 7.670810 4.337700 0.102343
W C 383.0 1458.0 482.0 682.0 1191.0 747.0 1805.0 190.0 1693.0 1043.0
F 1227.953959 1434.656037 -2.529608
E 0.585990 7.932302 4.672646 0.101085
W C 383.0 1458.0 482.0 682.0 1191.0 747.0 1805.0 190.0 1693.0 1043.0
F 1192.481408 1411.493433 -2.539518
E 0.676670 8.152581 5.316452 0.070956
W C 383.0 1458.0 482.0 682.0 1191.0 747.0 1805.0 190.0 1693.0 1043.0
F 1187.285356 1408.287511 -2.546145
E 0.667907 6.295254 4.293919 0.062490
W C 383.0 1458.0 482.0 682.0 1191.0 747.0 1805.0 190.0 1693.0 1043.0
F 1154.247181 1383.759509 -2.536320
E 0.645302 8.237453 5.409021 0.054960
W C 383.0 1458.0 482.0 682.0 1191.0 747.0 1805.0 190.0
F 1125.714078 1363.839437 -2.537847
E 0.559533 8.502499 5.122697 0.106628
W C 383.0 1458.0 482.0 682.0 1191.0 747.0 1805.0 190.0
F 1095.663266 1347.765092 -2.587429
E 0.546116 8.673030 5.197676 0.109252
W C 383.0 1458.0 482.0 682.0 1191.0 747.0 1805.0 190.0
F 1058.840791 1327.463946 -2.600421
E 0.622549 9.020657 5.848937 0.077836
W C 383.0 1458.0 482.0 682.0 1191.0 747.0 1805.0 190.0
F 1055.472857 1323.942823 -2.595224
E 0.606823 7.053159 4.735464 0.068815
W C 383.0 1458.0 482.0 682.0 1191.0 747.0 1805.0 190.0
F 1019.562170 1301.594491 -2.590959
E 0.672255 8.981637 5.487611 0.058789
W C 383.0 1458.0 482.0 682.0 1191.0 747.0 1805.0 190.0
F 989.607484 1284.033951 -2.594859
E 0.593291 9.201577 5.022538 0.105670
W C 383.0 1458.0 482.0 682.0 1191.0 747.0 1805.0 190.0
F 959.645399 1266.279279 -2.599220
E 0.589216 9.381731 4.971748 0.107659
W C 383.0 1458.0 482.0 682.0 1191.0 747.0 1805.0 190.0
F 957.413315 1265.144899 -2.601207
E 0.600176 7.459556 4.158369 0.090288
W C 383.0 1458.0 482.0 682.0 1191.0 747.0 1805.0 190.0
F 916.512700 1241.503628 -2.611443
E 0.592904 9.221247 4.403270 0.105823
W C 383.0 1458.0 482.0 682.0 1191.0 747.0 1805.0 190.0
F 884.167744 1223.450613 -2.619270
E 0.607752 9.729102 4.796594 0.104477
W C 383.0 1458.0 482.0 682.0 1191.0 747.0 1805.0 190.0
F 858.805838 1208.782021 -2.604696
E 0.706196 10.339778 5.484443 0.074081
W C 383.0 1458.0 482.0 682.0 1191.0 747.0 1805.0 190.0
F 828.616087 1199.260268 -2.630736
E 0.715901 10.598433 6.180830 0.061735
W C 383.0 1458.0 482.0 682.0 1191.0 747.0
F 816.734309 1193.933381 -2.646124
E 0.715875 8.430422 5.122186 0.056981
W C 383.0 1458.0 482.0 682.0 1191.0 747.0
F 780.611355 1178.013981 -2.676341
E 0.581040 9.988175 5.127661 0.111719
W C 383.0 1458.0 482.0 682.0 1191.0 747.0
F 744.767391 1159.364397 -2.664086
E 0.551891 10.481991 5.477267 0.114973
W C 383.0 1458.0 482.0 682.0 1191.0 747.0
F 720.211083 1146.908047 -2.658255
E 0.543252 10.765569 5.649329 0.114265
W C 383.0 1458.0 482.0 682.0 1191.0 747.0
F 711.892257 1146.743963 -2.695662
E 0.498062 8.922194 4.985174 0.101255
W C 383.0 1458.0 482.0 682.0
F 663.513195 1126.061499 -2.719956
E 0.381482 11.221474 5.754100 0.125478
W C 383.0 1458.0 482.0 682.0
F 627.663559 1111.128315 -2.725493
E 0.286725 12.759191 6.373010 0.125299
W C 383.0 1458.0 482.0 682.0
F 589.870987 1091.864036 -2.697027
E 0.233918 14.170051 6.496368 0.125318
W C 383.0 1458.0 482.0 682.0
F 588.869750 1088.161332 -2.663047
E 0.224917 12.374111 5.333233 0.107386
W C 383.0 1458.0 482.0 682.0
F 551.088849 1066.647478 -2.642601
E 0.235681 14.773686 5.803401 0.126541
W C 383.0 1458.0 482.0 682.0
F 513.081112 1042.148856 -2.607774
E 0.208108 17.162049 6.196904 0.128347
W C 383.0 1458.0 482.0 682.0
F 475.791819 1024.783952 -2.649211
E 0.191560 19.901962 6.357777 0.129679
W C 383.0 1458.0 482.0 682.0
F 438.395589 1003.384972 -2.600381
E 0.191466 23.158981 6.441966 0.135006
W C 383.0 1458.0 482.0 682.0
F 438.413550 1001.374686 -2.583489
E 0.184961 22.640231 5.257626 0.116622
W C 383.0 1458.0 482.0 682.0
F 403.211594 972.885167 -2.482544
E 0.260235 25.460165 7.203151 0.150664
W C 482.0 682.0
F 395.485118 943.240397 -2.323034
E 0.547501 19.228146 7.220758 0.145728
W C 482.0 682.0 1805.0 190.0
F 381.104527 920.254846 -2.279222
E 0.735454 18.317747 6.675458 0.142610
W C 482.0 682.0 1805.0 190.0
F 358.975606 888.015816 -2.209268
E 2.407643 6.316123 18.641749 0.136231
W C 482.0 682.0 1805.0 190.0
F 358.901977 887.008188 -2.210111
E 2.392409 5.243587 16.349353 0.116153
W C 482.0 682.0 1805.0 190.0
F 334.904868 851.496166 -2.160599
E 2.496313 5.458114 18.706448 0.132328
W C 482.0 682.0 1805.0 190.0
F 310.550752 815.165696 -2.128966
E 2.548105 6.995266 22.002247 0.150211
W C 482.0 682.0
F 288.264438 777.270427 -2.073542
E 2.641747 7.932668 25.125823 0.156017
W C 482.0 682.0
F 268.080149 736.764018 -2.010411
E 2.789813 8.314867 28.018099 0.171242
W C 482.0 682.0
F 268.080149 736.764018 -2.010411
E 2.789813 8.314867 28.018099 0.171242
W C
F 266.589762 684.468893 -1.707712
E 2.834584 8.388297 31.600875 0.175814
W C 1805.0 190.0
F 267.107480 641.454255 -1.568053
E 2.887995 8.581498 34.409745 0.178684
W C 1805.0 190.0
F 276.419108 598.384100 -1.390176
E 2.968297 14.965140 37.438677 0.276062
W C
F 283.261208 606.320910 -1.353577
E 3.025462 7.322112 29.261471 0.158885
W C 1805.0 190.0 1191.0 747.0
F 299.850192 570.256211 -1.212172
E -3.071083 8.002974 31.033626 0.185746
W C 1191.0 747.0
F 316.974970 533.739131 -1.123328
E -2.941357 8.402922 33.150745 0.182605
W C 1191.0 747.0
F 337.806803 499.456071 -1.026134
E -2.865059 8.483000 34.978030 0.174420
W C 1191.0 747.0
F 334.942212 503.243273 -1.058489
E -2.968491 6.342473 24.126767 0.136248
W C 1805.0 190.0 1191.0 747.0
F 361.773863 472.478413 -0.912552
E -2.960957 6.580829 21.534401 0.150551
W C 1805.0 190.0 1191.0 747.0
F 377.352894 455.950152 -0.891375
E -2.947755 7.008280 20.200062 0.150080
W C 1805.0 190.0 1191.0 747.0
F 409.783274 428.208272 -0.743854
E -2.915900 7.295508 19.544588 0.156369
W C 1805.0 190.0 1191.0 747.0
F 435.843395 410.135547 -0.664165
E -2.885142 7.561280 18.655715 0.159833
W C 1805.0 190.0 1191.0 747.0
F 440.949505 408.915890 -0.631956
E -2.914037 6.087038 16.105913 0.137205
W C 1805.0 190.0 1191.0 747.0
F 490.694006 391.632627 -0.388423
E -2.809530 7.468915 16.172357 0.162816
W C 1805.0 190.0 1191.0 747.0
F 523.160233 374.967432 -0.355957
E -2.560509 9.447626 20.087517 0.185981
W C 1191.0 747.0
F 556.955075 372.981087 -0.221871
E -2.755937 8.426239 16.691740 0.176168
W C 1805.0 190.0 1191.0 747.0
F 573.319067 372.206510 -0.151095
E -2.808049 6.568339 13.913374 0.148423
W C 1805.0 190.0 1191.0 747.0
F 613.585919 351.042932 -0.233006
E -2.520671 7.165192 11.416054 0.138056
W C 1805.0 190.0 1191.0 747.0 1291.0 1881.0
F 662.709260 353.521491 -0.084082
E -2.553635 7.565491 11.869133 0.153590
W C 1805.0 190.0 1191.0 747.0
F 689.701873 365.884325 0.018739
E -0.680663 9.165428 7.832730 0.130661
W C 1805.0 190.0 1191.0 747.0 383.0 1458.0
F 732.696750 368.869587 0.032070
E 2.542392 8.266949 9.163498 0.102243
W C 1805.0 190.0 1191.0 747.0 383.0 1458.0
F 738.246982 370.951439 0.035299
E 2.734926 6.647442 7.220862 0.093069
W C 1805.0 190.0 1191.0 747.0 383.0 1458.0
F 789.250889 373.308560 0.040185
E 0.068885 8.434183 6.419065 0.125364
W C 1805.0 190.0 1191.0 747.0 383.0 1458.0
F 825.109086 366.510089 0.015129
E 0.221360 8.499254 7.094503 0.093668
W C 1805.0 190.0 1191.0 747.0 1291.0 1881.0 383.0 1458.0
F 854.852837 370.306405 0.053283
E 0.714734 9.405086 7.765240 0.081282
W C 1805.0 190.0 1191.0 747.0 383.0 1458.0
F 882.413374 365.487510 0.012987
E -0.126913 8.051818 6.639520 0.117278
W C 1805.0 190.0 1693.0 1043.0 1191.0 747.0 383.0 1458.0
F 892.929029 366.708276 0.012960
E -0.613953 6.804779 5.653632 0.105832
W C 1805.0 190.0 1693.0 1043.0 1191.0 747.0
F 942.845458 365.191358 -0.007154
E -0.373607 8.822430 5.865960 0.129104
W C 1805.0 190.0 1693.0 1043.0 1191.0 747.0
F 982.680654 361.621611 -0.012521
E -0.774632 9.440305 7.938939 0.100121
W C 1805.0 190.0 1693.0 1043.0 1191.0 747.0
F 1009.150302 356.407134 0.005865
E -2.400734 8.170379 9.694954 0.084094
W C 1805.0 190.0 1693.0 1043.0 1191.0 747.0
F 1020.667609 361.871890 0.006728
E -2.392093 6.279024 8.071274 0.077716
W C 1805.0 190.0 1693.0 1043.0 1191.0 747.0
F 1062.428746 363.510758 0.015222
E -0.625410 8.873431 8.147667 0.070631
W C 1805.0 190.0 1693.0 1043.0 1191.0 747.0
F 1105.337813 365.283025 0.020403
E -0.340933 9.074926 8.357152 0.064588
W C 1805.0 190.0 1693.0 1043.0 1191.0 747.0
F 1141.640865 367.161042 0.030673
E -0.045982 9.129517 8.302702 0.059769
W C 1805.0 190.0 1693.0 1043.0 1191.0 747.0
F 1166.266660 365.641111 0.043937
E 0.142271 9.235633 8.192077 0.055879
W C 1805.0 190.0 1693.0 1043.0 1191.0 747.0
F 1177.103922 368.941662 0.039018
E -0.125583 7.411417 6.530248 0.054090
W C 1805.0 190.0 1693.0 1043.0 1191.0 747.0
F 1226.506440 371.869827 0.055299
E 0.000270 9.171559 5.721033 0.116500
W C 1805.0 190.0 1693.0 1043.0 1191.0 747.0
F 1265.275378 375.743938 0.099952
E 0.089105 9.975417 5.836028 0.126484
W C 1805.0 190.0 1693.0 1043.0 1191.0 747.0
F 1298.130374 380.087682 0.159874
E 0.194627 10.781675 6.007617 0.135356
W C 1805.0 190.0 1693.0 1043.0 1191.0 747.0
F 1302.990236 379.895074 0.148627
E 0.181746 8.299094 5.031698 0.111628
W C 1805.0 190.0 1693.0 1043.0 1191.0 747.0
F 1352.125671 403.184237 0.403605
E 0.240980 10.813738 4.808282 0.123174
W C 1805.0 190.0 1693.0 1043.0 1291.0 1881.0 1191.0 747.0
F 1392.357085 426.072652 0.513943
E 0.378830 10.895972 4.890300 0.117956
W C 1805.0 190.0 1693.0 1043.0 1291.0 1881.0 1191.0 747.0
F 1416.146210 443.133574 0.583835
E 0.455426 10.952007 4.859678 0.115696
W C 1805.0 190.0 1693.0 1043.0 1291.0 1881.0 1191.0 747.0
F 1420.215710 442.590129 0.554677
E 0.472078 8.834234 4.247848 0.099729
W C 1805.0 190.0 1693.0 1043.0 1191.0 747.0
F 1452.936879 476.845771 0.761540
E 0.538448 10.642186 4.341155 0.115271
W C 1805.0 190.0 1693.0 1043.0 1291.0 1881.0 1191.0 747.0
F 1474.491975 504.915295 0.865066
E 0.607168 10.708765 4.802371 0.115072
W C 1805.0 190.0 1693.0 1043.0 1291.0 1881.0 1191.0 747.0
F 1484.032402 508.542243 0.813339
E 0.731346 11.608114 5.461640 0.127373
W C 1805.0 190.0 1693.0 1043.0 1191.0 747.0
F 1499.725436 552.172946 1.108140
E 0.714790 10.569722 4.796180 0.116148
W C 1805.0 190.0 1693.0 1043.0 1291.0 1881.0 383.0 1458.0 1191.0 747.0
F 1501.618062 564.876177 1.176739
E 0.723889 7.603130 3.941907 0.093652
W C 1805.0 190.0 1693.0 1043.0 1291.0 1881.0 383.0 1458.0 1191.0 747.0 482.0 682.0
F 1507.982307 610.809241 1.388263
E 2.714976 4.362154 8.770133 0.120408
W C 1693.0 1043.0 1291.0 1881.0 383.0 1458.0 1191.0 747.0 482.0 682.0
F 1510.969862 644.380329 1.472531
E 2.857245 5.059962 8.675849 0.130984
W C 1693.0 1043.0 1291.0 1881.0 383.0 1458.0 1191.0 747.0
F 1505.528857 673.399287 1.637439
E 3.022820 5.563098 10.533448 0.135954
W C 1693.0 1043.0 383.0 1458.0 1191.0 747.0
F 1504.852237 688.686183 1.663335
E 2.936570 4.652577 7.265403 0.108791
W C 1693.0 1043.0 1291.0 1881.0 383.0 1458.0 1191.0 747.0
F 1493.615132 731.078248 1.815035
E -3.021538 5.103471 8.598875 0.133896
W C 1693.0 1043.0 1291.0 1881.0 383.0 1458.0 1191.0 747.0
F 1480.408691 763.970218 1.936527
E -2.852940 5.381498 8.831198 0.131648
W C 1693.0 1043.0 1291.0 1881.0 383.0 1458.0 1191.0 747.0
F 1464.289191 791.188309 2.065518
E -2.724244 5.366013 9.009322 0.130088
W C 1693.0 1043.0 1291.0 1881.0 383.0 1458.0 1191.0 747.0
F 1449.244550 810.205796 2.151671
E -2.640038 5.330659 8.816597 0.120063
W C 1693.0 1043.0 1291.0 1881.0 383.0 1458.0 1191.0 747.0
F 1439.781187 815.507615 2.230085
E -2.673140 4.481873 6.803293 0.099116
W C 1693.0 1043.0 1291.0 1881.0 383.0 1458.0 1191.0 747.0
F 1401.638914 850.266862 2.352610
E -2.515499 4.761426 8.427901 0.110165
W C 1693.0 1043.0 1291.0 1881.0 383.0 1458.0 1191.0 747.0
F 1362.123327 881.123306 2.433777
E -2.505167 4.805383 8.366437 0.101618
W C 1693.0 1043.0 1291.0 1881.0 383.0 1458.0 482.0 682.0 1191.0 747.0
F 1334.276625 911.603756 2.420276
E -2.849250 7.120023 8.032918 0.082123
W C 1291.0 1881.0 383.0 1458.0 482.0 682.0 1191.0 747.0
F 1323.005473 922.287329 2.432282
E -2.725786 5.714166 6.410705 0.076205
W C 1291.0 1881.0 383.0 1458.0 482.0 682.0 1191.0 747.0
F 1283.737040 953.149050 2.467121
E -0.696460 8.257744 5.098461 0.113045
W C 1291.0 1881.0 383.0 1458.0 482.0 682.0 1191.0 747.0
F 1252.409322 975.828089 2.490630
E -0.721287 8.748254 5.830486 0.122470
W C 1291.0 1881.0 383.0 1458.0 482.0 682.0
F 1223.260372 999.582970 2.476170
E -0.739492 8.956341 6.383800 0.120086
W C 1291.0 1881.0 383.0 1458.0 482.0 682.0
F 1215.678494 1005.825537 2.475438
E -0.761934 7.092609 5.284935 0.100622
W C 1291.0 1881.0 383.0 1458.0 482.0 682.0
F 1180.313237 1035.304549 2.472268
E 2.974279 7.745510 8.441031 0.084973
W C 1291.0 1881.0 383.0 1458.0 482.0 682.0
F 1149.759142 1058.935657 2.478120
E -0.769488 9.145528 6.783049 0.121919
W C 1291.0 1881.0 383.0 1458.0 482.0 682.0
F 1115.784903 1086.956621 2.466341
E -0.734803 9.503279 6.257526 0.123354
W C 1291.0 1881.0 383.0 1458.0 482.0 682.0
F 1091.805191 1104.911550 2.478246
E -0.733231 9.704992 6.131010 0.120191
W C 1291.0 1881.0 383.0 1458.0 482.0 682.0
F 1066.246346 1124.956061 2.476358
E -0.725065 9.858421 6.077039 0.118336
W C 1291.0 1881.0 383.0 1458.0 482.0 682.0
F 1054.235338 1133.428514 2.487883
E -0.730245 7.911432 5.038355 0.100118
W C 1291.0 1881.0 383.0 1458.0 482.0 682.0
F 1019.169190 1160.737583 2.486991
E -2.534743 7.773736 8.767118 0.085231
W C 1291.0 1881.0 383.0 1458.0 482.0 682.0
F 984.033202 1188.818516 2.485422
E -2.527662 8.006206 9.104577 0.076638
W C 1291.0 1881.0 383.0 1458.0 482.0 682.0
F 957.668566 1209.766798 2.484736
E 3.125984 8.722480 10.536793 0.072232
W C 383.0 1458.0 482.0 682.0
F 954.022231 1214.185136 2.483991
E -2.694978 6.808011 8.087104 0.069045
W C 1291.0 1881.0 383.0 1458.0 482.0 682.0
F 913.573150 1242.327295 2.516283
E -2.374719 6.428395 10.129747 0.129217
W C 383.0 1458.0 482.0 682.0
F 888.910317 1261.233228 2.549869
E -0.674494 11.517393 6.092126 0.134604
W C 1291.0 1881.0 383.0 1458.0 482.0 682.0
F 858.790212 1278.820966 2.650437
E -0.584591 12.361718 5.935073 0.152760
W C 1291.0 1881.0 383.0 1458.0 482.0 682.0
F 839.827030 1287.507019 2.733758
E -0.542610 11.823935 5.740918 0.150365
W C 1291.0 1881.0 383.0 1458.0 482.0 682.0
F 832.686004 1286.841713 2.787811
E -0.575542 9.122597 4.900349 0.122646
W C 1291.0 1881.0 383.0 1458.0 482.0 682.0
F 800.582001 1289.040302 2.990582
E -0.383502 11.071087 5.210696 0.151459
W C 1291.0 1881.0 383.0 1458.0 482.0 682.0
F 773.620683 1281.436859 -3.054162
E -0.114172 11.598095 6.526444 0.170426
W C 383.0 1458.0 482.0 682.0
F 743.007207 1267.208497 -2.817961
E 0.159043 12.034745 7.113231 0.171533
W C 383.0 1458.0 482.0 682.0
F 739.422547 1263.856563 -2.782206
E 0.144748 9.309205 6.078146 0.140993
W C 383.0 1458.0 482.0 682.0
F 723.920796 1237.697961 -2.441569
E 0.497898 12.126793 5.637809 0.151926
W C 383.0 1458.0 482.0 682.0 1191.0 747.0
F 713.340286 1217.085449 -2.270373
E 0.701165 12.339399 5.523744 0.147589
W C 383.0 1458.0 482.0 682.0 1191.0 747.0
F 704.864602 1198.031460 -2.143071
E 2.385049 5.527359 12.161831 0.147558
W C 383.0 1458.0 482.0 682.0 1191.0 747.0
F 698.340364 1168.044638 -1.936609
E 2.466336 5.627904 11.756291 0.148067
W C 383.0 1458.0 482.0 682.0 1191.0 747.0
F 689.797613 1160.059700 -1.983031
E 2.493263 4.623324 8.632877 0.114862
W C 383.0 1458.0 482.0 682.0 1191.0 747.0 1693.0 1043.0
F 684.031464 1120.021261 -1.759597
E 2.812936 4.915989 10.911476 0.147766
W C 482.0 682.0 1191.0 747.0 1693.0 1043.0
F 686.752699 1098.646379 -1.599546
E 3.010558 5.359232 11.183032 0.146251
W C 482.0 682.0 1191.0 747.0 1693.0 1043.0
F 692.154495 1069.447514 -1.516139
E 3.092684 5.765146 10.370697 0.121561
W C 482.0 682.0 1191.0 747.0 1693.0 1043.0
F 698.950053 1061.637581 -1.428015
E 3.080631 4.753647 8.271471 0.100820
W C 482.0 682.0 1191.0 747.0 1693.0 1043.0
F 709.624190 1021.804252 -1.368458
E -3.055398 5.178784 9.963116 0.115240
W C 482.0 682.0 1191.0 747.0 1693.0 1043.0
F 729.549452 966.632454 -1.281490
E 3.027522 5.446023 9.323871 0.077734
W C 482.0 682.0 1805.0 190.0 1191.0 747.0 1693.0 1043.0
F 740.675668 925.507125 -1.292512
E 3.000631 5.399193 9.633813 0.060225
W C 482.0 682.0 1805.0 190.0 1191.0 747.0 1693.0 1043.0
F 748.927473 885.816089 -1.311129
E 3.023126 5.240296 9.997258 0.050479
W C 482.0 682.0 1805.0 190.0 1191.0 747.0 1693.0 1043.0
F 751.099043 874.041268 -1.298102
E 3.052261 4.271071 8.456259 0.047136
W C 482.0 682.0 1805.0 190.0 1191.0 747.0 1693.0 1043.0
F 761.565759 826.467631 -1.302896
E 3.050246 4.773899 10.058474 0.042901
W C 482.0 682.0 1805.0 190.0 1191.0 747.0 1693.0 1043.0
F 774.250461 777.253389 -1.298800
E 3.072414 4.892489 11.114092 0.039110
W C 482.0 682.0 1805.0 190.0 1191.0 747.0 1693.0 1043.0
F 786.124901 731.249286 -1.298370
E 3.090938 4.899520 11.910166 0.036049
W C 482.0 682.0 1805.0 190.0 1191.0 747.0 1693.0 1043.0
F 795.342084 689.990485 -1.305782
E 3.101263 4.912511 12.377179 0.033582
W C 482.0 682.0 1805.0 190.0 1191.0 747.0 1693.0 1043.0
F 798.980276 683.939360 -1.295672
E 3.124356 4.057447 10.897223 0.032568
W C 482.0 682.0 1805.0 190.0 1191.0 747.0 1693.0 1043.0
F 812.798602 642.447751 -1.249671
E -2.998291 4.228612 12.734731 0.106294
W C 482.0 682.0 1805.0 190.0 1191.0 747.0 1693.0 1043.0
F 831.754729 610.500800 -1.132404
E -3.027113 4.983131 13.530718 0.121095
W C 482.0 682.0 1805.0 190.0 1191.0 747.0
F 858.454300 581.130235 -0.975885
E -2.955134 6.365259 14.334922 0.132231
W C 1805.0 190.0 1191.0 747.0
F 867.187690 577.840414 -0.900725
E -2.972733 5.235425 12.076259 0.111749
W C 1805.0 190.0 1191.0 747.0
F 898.717084 547.206047 -0.812828
E -2.796162 6.669560 12.756937 0.136855
W C 1805.0 190.0 1191.0 747.0
F 919.167150 524.925672 -0.814064
E -2.721386 7.294505 12.663064 0.140101
W C 1805.0 190.0 1191.0 747.0
F 944.614740 503.314154 -0.757332
E -2.665993 7.468993 12.413912 0.140758
W C 1805.0 190.0 1191.0 747.0
F 949.055760 501.409780 -0.740054
E -2.710999 6.104940 10.152837 0.119809
W C 1805.0 190.0 1191.0 747.0
F 983.364067 464.682036 -0.740696
E -2.468309 5.961233 11.324657 0.127127
W C 1805.0 190.0 1693.0 1043.0 1191.0 747.0
F 1012.770247 441.152716 -0.653653
E -2.356664 5.908072 12.034131 0.137661
W C 1805.0 190.0 1693.0 1043.0 1191.0 747.0
F 1032.992879 430.051129 -0.557871
E -0.709241 11.873258 5.960494 0.137975
W C 1805.0 190.0 1693.0 1043.0 1191.0 747.0
F 1064.343391 419.954040 -0.413073
E -0.635625 11.233171 5.947493 0.133106
W C 1805.0 190.0 1693.0 1043.0 1191.0 747.0
F 1073.421702 419.305689 -0.362555
E -0.668978 8.805334 4.950331 0.110748
W C 1805.0 190.0 1693.0 1043.0 1191.0 747.0
F 1114.258577 413.480179 -0.205393
E -0.420662 10.171752 5.390397 0.130510
W C 1805.0 190.0 1693.0 1043.0 1191.0 747.0
F 1148.803031 412.709476 -0.092006
E -0.273041 10.192633 5.866028 0.130227
W C 1805.0 190.0 1693.0 1043.0 1191.0 747.0
F 1167.692732 413.339410 -0.036399
E -0.142157 10.225653 6.100724 0.132546
W C 1805.0 190.0 1693.0 1043.0 1191.0 747.0
F 1205.328765 418.657302 0.054516
E -0.074980 9.738232 6.147092 0.122304
W C 1805.0 190.0 1693.0 1043.0 1191.0 747.0
F 1212.760226 427.330241 0.146018
E -0.090085 7.730255 4.761398 0.097826
W C 1805.0 190.0 1693.0 1043.0 1291.0 1881.0 1191.0 747.0
F 1259.820568 435.598799 0.146166
E 0.459596 9.576068 7.007857 0.083324
W C 1805.0 190.0 1693.0 1043.0 1191.0 747.0
F 1298.691807 441.262460 0.153228
E 0.535937 10.239317 7.163313 0.072833
W C 1805.0 190.0 1693.0 1043.0 1191.0 747.0
F 1329.227137 451.818946 0.186594
E 0.387721 10.101658 7.252695 0.065572
W C 1805.0 190.0 1693.0 1043.0 1291.0 1881.0
F 1341.025309 451.209140 0.167434
E 0.402876 8.184411 6.442912 0.063463
W C 1805.0 190.0 1693.0 1043.0
F 1383.930079 464.594718 0.234994
E 0.167820 10.064812 5.603918 0.115422
W C 1805.0 190.0 1693.0 1043.0 1291.0 1881.0
F 1431.043852 479.303940 0.246360
E 0.333768 10.998688 6.721295 0.089573
W C 1805.0 190.0 1693.0 1043.0 1291.0 1881.0
F 1468.323609 475.449425 0.202241
E 0.446969 12.030268 7.758311 0.078047
W C 1805.0 190.0 1693.0 1043.0
F 1499.068875 486.601996 0.234646
E 0.345298 12.447041 6.892743 0.067077
W C 1805.0 190.0 1693.0 1043.0 1291.0 1881.0
F 1508.406662 483.609483 0.208178
E 0.332617 10.368619 5.921288 0.064391
W C 1805.0 190.0 1693.0 1043.0
F 1560.685339 489.219283 0.185728
E 0.423301 12.860253 7.198139 0.060221
W C 1805.0 190.0 1693.0 1043.0
F 1602.473729 493.747036 0.188037
E 0.266472 14.839166 6.277116 0.128081
W C 1805.0 190.0 1693.0 1043.0
F 1635.943567 514.221643 0.381821
E 0.227679 16.996908 5.404691 0.120463
W C 1805.0 190.0 1693.0 1043.0 1291.0 1881.0
F 1633.524887 519.873867 0.438333
E 0.220388 15.170634 4.510254 0.102743
W C 1805.0 190.0 1693.0 1043.0 1291.0 1881.0
F 1663.101170 542.710033 0.552415
E 0.280459 17.595776 4.707335 0.117532
W C 1805.0 190.0 1693.0 1043.0 1291.0 1881.0
F 1688.532527 567.409203 0.645827
E 0.287064 19.771038 5.220121 0.119213
W C 1805.0 190.0 1693.0 1043.0 1291.0 1881.0
F 1719.175279 572.590601 0.476546
E 0.257766 22.077959 6.202528 0.138537
W C 1805.0 190.0 1693.0 1043.0
F 1718.962188 572.128585 0.472517
E 0.234836 21.289815 5.533931 0.128153
W C 1693.0 1043.0
F 1772.352483 594.779015 0.510792
E 0.421296 17.238572 6.560460 0.146746
W C 1693.0 1043.0 383.0 1458.0
F 1796.569439 619.907406 0.702383
E 0.584072 17.771122 6.570068 0.152222
W C 1693.0 1043.0 383.0 1458.0
F 1814.493759 638.061960 0.777180
E 0.693335 17.735096 6.450401 0.146870
W C 1693.0 1043.0 383.0 1458.0
F 1834.808897 668.258607 0.905245
E 0.746263 17.352939 6.315945 0.135803
W C 1693.0 1043.0 383.0 1458.0
F 1837.306076 676.380691 0.956669
E 0.670377 15.929098 5.664288 0.122899
W C 1693.0 1043.0
F 1861.839270 717.838835 0.995679
E 0.630158 18.334995 7.031427 0.103350
W C 1693.0 1043.0
F 1883.145431 757.597773 1.021703
E 0.621718 20.724846 7.812310 0.083035
W C 1693.0 1043.0
F 1910.794698 832.783341 1.279591
E 0.773226 18.431437 6.297461 0.114516
W C 1291.0 1881.0 1693.0 1043.0 383.0 1458.0
F 1931.321359 903.788746 1.421772
E 2.515985 6.011161 17.311748 0.127981
W C 1291.0 1881.0 1693.0 1043.0 383.0 1458.0
F 1944.869934 931.900436 1.469820
E 2.487661 5.212133 15.483195 0.115664
W C 1291.0 1881.0 1693.0 1043.0
F 1954.386180 1000.838515 1.562902
E 2.683776 6.486453 15.297477 0.141866
W C 1291.0 1881.0 1693.0 1043.0
F 1955.620521 1061.488228 1.638570
E 2.826698 7.076216 14.246806 0.141033
W C 1291.0 1881.0 1693.0 1043.0
F 1934.185942 1081.406040 1.828019
E 3.074384 6.370071 12.579212 0.127469
W C 1291.0 1881.0 1693.0 1043.0 482.0 682.0
F 1936.148068 1096.540221 1.818304
E 3.009888 5.555171 10.344031 0.114189
W C 1291.0 1881.0 1693.0 1043.0
F 1930.855824 1141.526838 1.777023
E -2.994203 5.845045 14.398330 0.134345
W C 383.0 1458.0 1693.0 1043.0
F 1917.231319 1184.245070 1.863252
E 3.042167 6.641128 13.260212 0.146737
W C 1291.0 1881.0 383.0 1458.0
F 1905.099545 1222.688668 1.900761
E 2.903564 7.288374 14.483132 0.149537
W C 1291.0 1881.0 383.0 1458.0
F 1894.180682 1259.272316 1.921388
E 2.857425 7.514648 15.247884 0.149005
W C 1291.0 1881.0 383.0 1458.0
F 1874.059569 1252.172062 2.099467
E 2.952426 5.648769 11.180836 0.114541
W C 1291.0 1881.0 383.0 1458.0 482.0 682.0
F 1838.262096 1291.422553 2.251255
E -3.060405 6.381370 11.184783 0.131609
W C 1291.0 1881.0 383.0 1458.0 482.0 682.0
F 1806.388652 1311.379152 2.384270
E -2.610325 7.780810 10.788577 0.147163
W C 1291.0 1881.0 1191.0 747.0
F 1778.082951 1333.415056 2.429511
E -0.713450 10.817056 8.013986 0.146438
W C 1291.0 1881.0 1191.0 747.0
F 1771.181974 1341.677111 2.414857
E -0.720768 8.612430 6.668773 0.124084
W C 1291.0 1881.0 1191.0 747.0
F 1734.063758 1374.409258 2.443861
E -0.571832 10.607963 7.009463 0.144869
W C 1291.0 1881.0 1191.0 747.0
F 1719.756264 1405.405576 2.325625
E -2.457176 6.112321 9.203191 0.118914
W C 1291.0 1881.0 383.0 1458.0 482.0 682.0 1191.0 747.0
F 1700.055176 1424.386010 2.375870
E -2.519077 5.554325 9.318432 0.117826
W C 1291.0 1881.0 383.0 1458.0 482.0 682.0 1191.0 747.0
F 1675.432175 1443.199196 2.447574
E -2.477766 5.412245 9.238143 0.116168
W C 1291.0 1881.0 383.0 1458.0 482.0 682.0 1191.0 747.0
F 1665.513780 1446.985162 2.505459
E -2.527014 4.490895 7.240566 0.096873
W C 1291.0 1881.0 383.0 1458.0 482.0 682.0 1191.0 747.0
F 1625.658905 1468.324865 2.612092
E -0.755853 8.629676 4.849231 0.112543
W C 1291.0 1881.0 383.0 1458.0 482.0 682.0 1191.0 747.0
F 1580.279932 1488.005241 2.686134
E -0.696146 8.692774 5.267771 0.109465
W C 1291.0 1881.0 383.0 1458.0 482.0 682.0 1191.0 747.0
F 1553.163146 1501.484639 2.691374
E -2.522791 7.422260 8.269336 0.086570
W C 1291.0 1881.0 383.0 1458.0 482.0 682.0 1191.0 747.0
F 1546.109365 1502.962454 2.692957
E -2.514992 5.807432 6.681756 0.080047
W C 1291.0 1881.0 383.0 1458.0 482.0 682.0 1191.0 747.0
F 1503.727057 1516.000325 2.705019
E -2.596917 7.502032 9.270662 0.074243
W C 383.0 1458.0 482.0 682.0 1191.0 747.0
F 1470.936667 1538.303600 2.643553
E -0.582891 8.945485 5.989445 0.114694
W C 1291.0 1881.0 383.0 1458.0 482.0 682.0 1191.0 747.0
F 1431.197068 1561.976409 2.625762
E -0.536857 9.069142 5.277781 0.113212
W C 1291.0 1881.0 383.0 1458.0 482.0 682.0 1191.0 747.0
F 1406.360769 1577.866350 2.631508
E -2.363232 7.547592 10.049152 0.092490
W C 383.0 1458.0 482.0 682.0 1191.0 747.0
F 1398.079256 1575.522675 2.653857
E -2.368583 5.940230 8.703050 0.086250
W C 383.0 1458.0 482.0 682.0 1191.0 747.0
F 1353.991754 1593.312449 2.741749
E -0.600271 11.040393 5.330297 0.123993
W C 383.0 1458.0 482.0 682.0 1191.0 747.0
F 1327.265564 1604.555942 2.756963
E -0.562585 11.501679 5.554168 0.122772
W C 383.0 1458.0 482.0 682.0 1191.0 747.0
F 1300.327082 1615.036501 2.782923
E -0.550924 11.679163 5.750809 0.122134
W C 383.0 1458.0 482.0 682.0 1191.0 747.0
F 1292.069280 1616.307591 2.814490
E -0.582997 9.470138 4.723941 0.102303
W C 383.0 1458.0 482.0 682.0 1191.0 747.0
F 1236.990081 1624.072601 2.987422
E -0.465092 10.948811 5.256906 0.122130
W C 383.0 1458.0 482.0 682.0 1191.0 747.0
F 1201.203815 1629.134597 3.002482
E -0.415379 10.830835 5.830796 0.119791
W C 383.0 1458.0 482.0 682.0 1191.0 747.0
F 1165.917750 1631.954738 3.019750
E -0.405105 10.721997 5.960537 0.118434
W C 383.0 1458.0 482.0 682.0 1191.0 747.0
F 1126.307839 1635.580693 3.032753
E -0.383439 10.616366 5.985688 0.118624
W C 383.0 1458.0 482.0 682.0 1191.0 747.0
F 1121.146701 1635.702381 3.043813
E -0.410755 8.619572 4.936003 0.100693
W C 383.0 1458.0 482.0 682.0 1191.0 747.0
F 1070.545109 1639.489228 3.041586
E -0.260507 9.448372 7.747189 0.085755
W C 383.0 1458.0 482.0 682.0 1191.0 747.0
F 1036.475372 1645.987381 3.015531
E -0.295897 10.205622 6.315233 0.121144
W C 383.0 1458.0 482.0 682.0 1191.0 747.0
F 1003.953619 1649.783683 3.018541
E -0.299770 10.424775 5.908467 0.121743
W C 383.0 1458.0 482.0 682.0 1191.0 747.0
F 990.929175 1649.766302 3.041898
E -0.322704 8.439515 4.933562 0.103390
W C 383.0 1458.0 482.0 682.0 1191.0 747.0
F 948.369049 1655.569665 3.022420
E -0.242465 10.001174 5.258389 0.118510
W C 383.0 1458.0 482.0 682.0 1191.0 747.0
F 903.509140 1663.147748 3.010879
E -0.592625 11.220836 8.580269 0.100031
W C 383.0 1458.0 482.0 682.0
F 862.341024 1669.843913 3.003511
E -0.560810 12.970801 7.352581 0.133607
W C 383.0 1458.0 482.0 682.0
F 858.148727 1669.910103 3.011192
E -0.600444 11.361359 6.066926 0.118219
W C 383.0 1458.0 482.0 682.0
F 809.889113 1674.402368 3.015221
E -0.617604 12.511413 8.636401 0.102094
W C 383.0 1458.0 482.0 682.0
F 774.485122 1683.406757 2.975563
E -0.523106 13.817317 7.265651 0.134174
W C 383.0 1458.0 482.0 682.0
F 734.975740 1690.080759 2.975581
E -0.497044 14.678990 6.783055 0.135124
W C 383.0 1458.0 482.0 682.0
F 704.641267 1698.109058 2.935528
E -0.474033 15.200752 6.606399 0.130177
W C 383.0 1458.0 482.0 682.0
F 696.235271 1697.225443 2.968684
E -0.487146 13.372476 5.528145 0.110854
W C 383.0 1458.0 482.0 682.0
F 687.372141 1695.611947 3.009539
E -0.492297 12.004733 4.865892 0.100504
W C 383.0 1458.0 482.0 682.0
F 682.521573 1694.788963 3.028749
E -0.497760 11.011258 4.448501 0.093889
W C 383.0 1458.0 482.0 682.0
F 679.632771 1694.196810 3.039264
E -0.503335 10.244683 4.150518 0.089082
W C 383.0 1458.0 482.0 682.0
F 677.694122 1693.312912 3.048487
E -0.508839 9.627471 3.921468 0.085316
W C 383.0 1458.0 482.0 682.0
F 675.526765 1693.413716 3.051086
E -0.514233 9.114708 3.736541 0.082219
W C 383.0 1458.0 482.0 682.0
F 673.761839 1693.565699 3.052390
E -0.519243 8.682167 3.582034 0.079582
W C 383.0 1458.0 482.0 682.0
F 672.473853 1693.633586 3.053132
E -0.523895 8.310664 3.449695 0.077281
W C 383.0 1458.0 482.0 682.0
