F 1824.839883 1880.660829 3.717551
E 0.000000 100.000000 100.000000 0.174533
F 1824.839883 1880.660829 3.717551
E 0.000000 100.000000 100.000000 0.174533
F 1824.839883 1880.660829 3.717551
E 0.000000 100.000000 100.000000 0.174533
F 1824.839883 1880.660829 3.717551
E 0.000000 100.000000 100.000000 0.174533
F 1824.839883 1880.660829 3.717551
E 0.000000 100.000000 100.000000 0.174533
F 1824.839883 1880.660829 3.717551
E 0.000000 100.000000 100.000000 0.174533
F 1824.839883 1880.660829 3.717551
E 0.000000 100.000000 100.000000 0.174533
F 1824.839883 1880.660829 3.717551
E 0.000000 100.000000 100.000000 0.174533
F 1824.839883 1880.660829 3.717551
E 0.000000 100.000000 100.000000 0.174533
F 1824.839883 1880.660829 3.717551
E 0.000000 100.000000 100.000000 0.174533
F 1824.839883 1880.660829 3.717551
E 0.000000 100.000000 100.000000 0.174533
F 1824.839883 1880.660829 3.717551
E 0.000000 100.000000 100.000000 0.174533
F 1824.839883 1880.660829 3.717551
E 0.000000 100.000000 100.000000 0.174533
F 1804.058465 1867.165218 3.717551
E 2.393222 100.104026 100.227674 0.174533
F 1766.886069 1843.025182 3.717551
E 2.797797 100.753909 101.019447 0.174533
F 1729.210438 1818.699084 -2.567886
E -2.762951 101.505383 102.159318 0.225777
F 1691.397536 1794.263968 -2.567886
E -2.665674 102.223672 104.482497 0.225777
F 1691.397536 1794.263968 -2.567886
E -2.665674 102.223672 104.482497 0.225777
F 1653.877757 1770.018271 -2.567886
E -2.632903 102.924366 107.689883 0.225777
F 1616.275577 1745.578789 -2.565634
E -2.604488 103.530318 111.672431 0.267374
F 1578.599946 1721.252690 -2.567886
E -2.590385 104.128155 116.759872 0.303320
F 1540.997766 1696.813207 -2.565634
E -2.582420 104.720629 123.148225 0.335435
F 1540.997766 1696.813207 -2.565634
E -2.582420 104.720629 123.148225 0.335435
F 1503.322134 1672.487109 -2.567886
E -2.577584 105.308783 130.961440 0.364733
F 1465.719954 1648.047626 -2.565634
E -2.574498 105.893123 140.255235 0.391847
F 1465.719954 1648.047626 -2.565634
E -2.574498 105.893123 140.255235 0.391847
F 1428.044322 1623.721527 -2.567886
E -2.572451 106.473933 151.029298 0.417202
F 1390.442142 1599.282045 -2.565634
E -2.571049 107.051392 163.243197 0.441102
F 1352.766511 1574.955946 -2.567886
E -2.570062 107.625626 176.831861 0.463772
F 1315.164331 1550.516463 -2.565634
E -2.569349 108.196729 191.718158 0.485385
F 1277.488699 1526.190365 -2.567886
E -2.568823 108.764777 207.821761 0.506075
F 1277.488699 1526.190365 -2.567886
E -2.568823 108.764777 207.821761 0.506075
F 1239.886519 1501.750882 -2.565634
E -2.568428 109.329834 225.064692 0.525952
F 1202.210887 1477.424783 -2.567886
E -2.568126 109.891958 243.374315 0.545105
F 1164.397986 1452.989667 -2.567886
E -2.568354 110.553227 262.786198 0.545105
F 1164.397986 1452.989667 -2.567886
E -2.568354 110.553227 262.786198 0.545105
F 1126.878207 1428.743971 -2.567886
E -2.568501 111.200427 282.835841 0.545105
F 1089.276027 1404.304488 -2.565634
E -2.568253 111.753176 303.576519 0.563607
F 1051.600395 1379.978390 -2.567886
E -2.568052 112.303182 324.960046 0.581521
F 1013.787493 1355.543274 -2.567886
E -2.568158 112.950356 347.092011 0.581521
F 1013.787493 1355.543274 -2.567886
E -2.568158 112.950356 347.092011 0.581521
F 976.267715 1331.297577 -2.567886
E -2.568232 113.583925 369.575359 0.581521
F 938.665535 1306.858094 -2.565634
E -2.568070 114.125124 392.564662 0.598900
F 900.989903 1282.531996 -2.567886
E -2.567933 114.663753 416.017847 0.615788
F 900.989903 1282.531996 -2.567886
E -2.567933 114.663753 416.017847 0.615788
F 863.387723 1258.092513 -2.565634
E -2.567815 115.199850 439.954502 0.632225
F 825.712092 1233.766415 -2.567886
E -2.567714 115.733453 464.388710 0.648245
F 787.899190 1209.331299 -2.567886
E -2.567778 116.361587 489.441460 0.648245
F 749.793165 1184.706763 -2.567886
E -2.567832 116.996039 515.129128 0.648245
F 749.793165 1184.706763 -2.567886
E -2.567832 116.996039 515.129128 0.648245
F 712.190984 1160.267280 -2.565634
E -2.567744 117.521497 540.880904 0.663879
F 674.515353 1135.941182 -2.567886
E -2.567667 118.044607 567.026550 0.679153
F 636.913173 1111.501699 -2.565634
E -2.567598 118.565402 593.583525 0.694091
F 636.913173 1111.501699 -2.565634
E -2.567598 118.565402 593.583525 0.694091
F 599.237541 1087.175600 -2.567886
E -2.567537 119.083913 620.565505 0.708715
F 561.635361 1062.736118 -2.565634
E -2.567482 119.600171 647.983069 0.723042
F 523.959730 1038.410019 -2.567886
E -2.567433 120.114205 675.844249 0.737091
F 523.959730 1038.410019 -2.567886
E -2.567433 120.114205 675.844249 0.737091
F 486.357549 1013.970536 -2.565634
E -2.567388 120.626045 704.154979 0.750878
F 448.681918 989.644438 -2.567886
E -2.567347 121.135719 732.919456 0.764416
F 411.468703 964.613114 -2.552124
E -2.567047 121.648259 762.139470 0.777840
F 377.464078 935.793039 -2.455305
E -2.564643 122.323559 791.521095 0.795330
F 377.464078 935.793039 -2.455305
E -2.564643 122.323559 791.521095 0.795330
F 345.934246 903.554975 -2.360737
E -2.558770 123.009016 821.428602 0.812531
F 317.797051 868.535463 -2.263918
E -2.549752 123.787466 851.174041 0.829482
F 293.185236 831.166998 -2.169350
E -2.537862 124.797759 880.541969 0.845800
F 272.211979 791.641487 -2.074782
E -2.523340 126.265526 909.456479 0.861809
F 272.211979 791.641487 -2.074782
E -2.523340 126.265526 909.456479 0.861809
F 255.248932 750.420542 -1.977963
E -2.506442 128.445681 937.602021 0.877627
F 242.105103 707.099556 -1.881144
E -2.486994 131.680925 965.325721 0.893523
F 233.481608 663.721759 -1.784324
E -2.465963 136.104626 991.389433 0.908616
F 228.743114 619.056427 -1.692008
E -2.442775 142.108921 1016.715499 0.923445
F 228.743114 619.056427 -1.692008
E -2.442775 142.108921 1016.715499 0.923445
F 232.601956 573.423669 -1.514131
E -2.416705 150.394478 1040.148270 0.947957
F 245.011497 530.378809 -1.322744
E -2.388139 161.072661 1059.147566 0.973361
F 264.504218 490.859466 -1.144866
E -2.357610 174.342073 1073.481397 0.995848
F 264.504218 490.859466 -1.144866
E -2.357610 174.342073 1073.481397 0.995848
F 288.159467 457.105933 -0.994008
E -0.756773 1083.004826 189.219038 1.013233
F 317.427953 426.609017 -0.838647
E -0.725072 1088.906853 206.716409 1.031278
F 350.261202 401.142756 -0.692292
E -0.693478 1090.848699 225.818515 1.047717
F 350.261202 401.142756 -0.692292
E -0.693478 1090.848699 225.818515 1.047717
F 386.376212 380.934259 -0.543686
E -0.662068 1088.973821 246.329118 1.064076
F 424.186138 365.991915 -0.408589
E -0.631680 1083.538393 267.563616 1.078531
F 465.627837 356.799706 -0.250976
E -0.601077 1074.058447 290.398276 1.095821
F 507.257582 353.891897 -0.102369
E -0.572816 1060.888798 313.055858 1.111605
F 507.257582 353.891897 -0.102369
E -0.572816 1060.888798 313.055858 1.111605
F 548.510488 357.189625 0.046237
E -0.547331 1044.359383 335.255929 1.127037
F 589.126481 366.825773 0.199347
E -0.525187 1024.440389 356.820435 1.142855
F 627.871662 382.327448 0.347953
E -0.507740 1001.708499 376.970864 1.157998
F 627.871662 382.327448 0.347953
E -0.507740 1001.708499 376.970864 1.157998
F 669.076894 399.149893 0.381727
E -0.493084 976.215647 397.792105 1.167066
F 710.651381 415.965789 0.383979
E -0.480146 951.257458 419.664009 1.175821
F 752.276335 432.656368 0.381727
E -0.468801 927.476918 442.865101 1.184512
F 793.409079 449.167749 0.381727
E -0.459736 905.189223 467.194867 1.184512
F 793.409079 449.167749 0.381727
E -0.459736 905.189223 467.194867 1.184512
F 834.983566 465.983644 0.383979
E -0.453648 883.859256 492.937383 1.193140
F 876.726201 482.849077 0.383979
E -0.452038 863.742670 520.000224 1.193140
F 918.792423 499.845251 0.383979
E -0.456952 844.895922 548.306213 1.193140
F 960.417377 516.535830 0.381727
E -0.471515 827.852827 577.037475 1.201706
F 960.417377 516.535830 0.381727
E -0.471515 827.852827 577.037475 1.201706
F 1001.991864 533.351725 0.383979
E -0.501882 812.707208 606.178218 1.210211
F 1043.087327 549.955679 0.383979
E -0.558593 800.286325 634.654080 1.210211
F 1084.829962 566.821113 0.383979
E -0.663138 791.822485 661.585900 1.210211
F 1084.829962 566.821113 0.383979
E -0.663138 791.822485 661.585900 1.210211
F 1126.249011 583.555806 0.383979
E -2.407510 683.005282 790.770291 1.210211
F 1167.991646 600.421240 0.383979
E -2.630094 694.804021 801.451424 1.210211
F 1209.410695 617.155933 0.383979
E -2.812691 696.344167 824.047108 1.210211
F 1251.153330 634.021367 0.383979
E -2.926342 691.758772 854.698883 1.210211
F 1251.153330 634.021367 0.383979
E -2.926342 691.758772 854.698883 1.210211
F 1292.005434 651.668885 0.404243
E -2.989343 684.199335 889.171869 1.218656
F 1331.363589 674.038592 0.501063
E -3.019814 673.744333 926.068995 1.230153
F 1365.683393 703.006920 0.672185
E -3.023858 659.692359 962.007994 1.247600
F 1365.683393 703.006920 0.672185
E -3.023858 659.692359 962.007994 1.247600
F 1393.914001 738.234400 0.863572
E -3.008158 641.651681 995.317063 1.267135
F 1414.488406 774.776068 1.023437
E -2.982093 622.122064 1022.828605 1.281926
F 1429.636490 813.648084 1.167540
E -2.949769 600.957699 1046.823616 1.295047
F 1429.636490 813.648084 1.167540
E -2.949769 600.957699 1046.823616 1.295047
F 1438.765961 853.829071 1.313895
E -2.913824 578.926150 1067.046550 1.308063
F 1442.323410 894.508457 1.451243
E -2.875493 556.416766 1083.546170 1.320085
F 1439.750772 936.160258 1.599850
E -2.834459 533.216724 1096.598774 1.333217
F 1430.216678 972.241164 1.775476
E -2.796358 512.687515 1104.044589 1.347413
F 1430.216678 972.241164 1.775476
E -2.796358 512.687515 1104.044589 1.347413
F 1414.218845 1005.613429 1.960108
E -2.757445 492.948060 1106.511264 1.362295
F 1392.551787 1035.594933 2.140237
E -2.718246 474.463681 1104.012643 1.376550
F 1365.863908 1061.209559 2.320366
E -2.679664 457.863765 1096.791578 1.390659
F 1365.863908 1061.209559 2.320366
E -2.679664 457.863765 1096.791578 1.390659
F 1333.639834 1081.833017 2.516256
E -2.641383 443.287473 1084.531483 1.406604
F 1298.716430 1095.635447 2.707643
E -2.606427 431.952077 1068.099244 1.421703
F 1262.385145 1102.683600 2.892276
E -2.575496 423.774649 1048.360860 1.435815
F 1222.987572 1106.489106 3.013863
E -2.546293 417.808727 1024.990466 1.445329
F 1222.987572 1106.489106 3.013863
E -2.546293 417.808727 1024.990466 1.445329
F 1178.175451 1112.363688 3.011611
E -2.515694 413.702517 998.935116 1.452518
F 1134.038183 1118.014601 3.013863
E -2.487309 412.677110 975.630850 1.459454
F 1089.730098 1123.705047 3.013863
E -2.461278 415.458398 954.483864 1.459454
F 1089.730098 1123.705047 3.013863
E -2.461278 415.458398 954.483864 1.459454
F 1044.571870 1129.624475 3.011611
E -2.437636 422.492237 935.192746 1.466684
F 1000.088496 1135.320234 3.013863
E -2.418020 434.070151 918.310650 1.473661
F 955.622481 1141.149969 3.011611
E -2.402818 450.417630 903.436146 1.480604
F 955.622481 1141.149969 3.011611
E -2.402818 450.417630 903.436146 1.480604
F 911.673377 1146.894930 3.011611
E -2.393129 471.313869 890.647432 1.480604
F 867.190002 1152.590689 3.013863
E -2.389840 496.604420 879.584038 1.487516
F 822.723988 1158.420424 3.011611
E -2.395015 525.707686 870.465558 1.494395
F 778.240613 1164.116183 3.013863
E -2.411473 557.929504 863.464695 1.501243
F 733.774599 1169.945919 3.011611
E -2.443551 592.343649 858.969617 1.508060
F 733.774599 1169.945919 3.011611
E -2.443551 592.343649 858.969617 1.508060
F 689.133383 1175.781351 3.011611
E -2.498120 627.924147 857.746994 1.508060
F 644.838223 1181.571548 3.011611
E -2.582540 662.207364 861.167043 1.508060
F 600.197007 1187.406980 3.011611
E -2.703405 693.038456 871.499232 1.508060
F 600.197007 1187.406980 3.011611
E -2.703405 693.038456 871.499232 1.508060
F 555.496302 1192.773238 3.020618
E -2.849570 716.965787 891.279622 1.514918
F 510.725219 1189.228780 -3.091445
E -2.983234 729.029955 921.954379 1.529119
F 472.395486 1173.136350 -2.807742
E -3.056187 726.582281 957.283369 1.555020
F 445.677354 1152.411787 -2.573574
E -3.075688 716.124110 986.872249 1.572303
F 445.677354 1152.411787 -2.573574
E -3.075688 716.124110 986.872249 1.572303
F 424.105782 1125.462063 -2.334903
E -3.068888 700.006848 1014.710954 1.590072
F 409.807637 1095.426394 -2.107490
E -3.045361 680.855570 1037.445114 1.606110
F 402.731933 1062.361300 -1.873323
E -3.010481 659.036660 1055.236410 1.622849
F 402.731933 1062.361300 -1.873323
E -3.010481 659.036660 1055.236410 1.622849
F 403.813432 1027.833365 -1.630148
E -2.967660 635.466216 1067.033272 1.640587
F 412.492813 995.531002 -1.400484
E -2.922320 612.527057 1072.002623 1.656414
F 428.151944 966.181897 -1.173071
E -2.875848 590.688311 1070.757312 1.671816
F 449.341495 941.494551 -0.954664
E -2.830828 571.163995 1063.911955 1.686012
F 449.341495 941.494551 -0.954664
E -2.830828 571.163995 1063.911955 1.686012
F 475.937988 921.820312 -0.729503
E -2.787105 553.954401 1051.810645 1.700878
F 506.539742 908.379236 -0.504342
E -2.746523 539.807731 1035.107017 1.715683
F 545.925055 889.964688 -0.448052
E -2.698024 524.849974 1011.223228 1.722004
F 545.925055 889.964688 -0.448052
E -2.698024 524.849974 1011.223228 1.722004
F 586.081197 870.793996 -0.445800
E -2.652418 513.132274 989.209398 1.727858
F 626.387225 851.532332 -0.445800
E -2.610939 506.121047 970.144803 1.727858
F 667.008144 832.120187 -0.445800
E -2.573814 505.066691 953.654401 1.727858
F 706.999282 813.009005 -0.445800
E -2.542111 510.883702 939.725057 1.727858
F 706.999282 813.009005 -0.445800
E -2.542111 510.883702 939.725057 1.727858
F 747.620201 793.596860 -0.445800
E -2.515035 524.306659 927.585531 1.727858
F 788.241120 774.184715 -0.445800
E -2.493414 545.361674 917.181888 1.727858
F 828.547148 754.923051 -0.445800
E -2.477937 573.425904 908.343812 1.727858
F 869.168067 735.510906 -0.445800
E -2.469611 608.248946 900.766225 1.727858
F 869.168067 735.510906 -0.445800
E -2.469611 608.248946 900.766225 1.727858
F 911.982647 720.303900 -0.355735
E -2.475037 647.992099 893.909780 1.735748
F 955.589538 709.510057 -0.258916
E -2.509310 689.003105 888.150505 1.743747
F 1000.035624 702.982163 -0.162097
E -2.596372 728.161519 885.842214 1.751710
F 1000.035624 702.982163 -0.162097
E -2.596372 728.161519 885.842214 1.751710
F 1044.721871 700.683714 -0.067529
E -2.761459 759.291308 892.238770 1.759495
F 1089.774285 702.608055 0.027039
E -2.968459 775.498183 914.086270 1.767337
F 1133.909014 708.856013 0.123858
E -3.115273 776.573282 950.284863 1.775104
F 1133.909014 708.856013 0.123858
E -3.115273 776.573282 950.284863 1.775104
F 1177.281125 719.946922 0.231936
E 3.096430 768.480990 994.701614 1.783388
F 1217.832546 739.784383 0.423323
E 3.077669 754.004478 1041.720094 1.797108
F 1253.567477 766.800515 0.614710
E 3.092349 734.658979 1086.617341 1.810637
F 1282.607976 796.786572 0.767819
E 3.122351 713.999312 1125.410113 1.820525
F 1282.607976 796.786572 0.767819
E 3.122351 713.999312 1125.410113 1.820525
F 1306.979093 829.760034 0.902916
E -3.123296 692.594941 1160.417680 1.829090
F 1326.295332 865.342859 1.040265
E -3.081432 671.115124 1191.659551 1.837629
F 1340.577097 904.554110 1.188871
E -3.034631 649.122997 1219.781431 1.847085
F 1353.753596 945.440104 1.247413
E -2.985244 627.664644 1246.382474 1.852887
F 1353.753596 945.440104 1.247413
E -2.985244 627.664644 1246.382474 1.852887
F 1367.949302 987.796562 1.247413
E -2.936016 608.012349 1275.395928 1.852887
F 1382.145009 1030.153020 1.247413
E -2.889627 591.504732 1307.294924 1.852887
F 1396.229811 1072.178568 1.247413
E -2.845947 578.175323 1341.733175 1.852887
F 1396.229811 1072.178568 1.247413
E -2.845947 578.175323 1341.733175 1.852887
F 1410.479546 1115.068916 1.249665
E -2.803482 567.549765 1379.612480 1.858501
F 1424.469687 1157.126071 1.249665
E -2.763645 559.841155 1419.386684 1.858501
F 1438.680146 1199.845543 1.249665
E -2.724969 554.481926 1462.456455 1.858501
F 1452.890604 1242.565015 1.249665
E -2.688042 551.285788 1508.132402 1.858501
F 1452.890604 1242.565015 1.249665
E -2.688042 551.285788 1508.132402 1.858501
F 1466.990904 1284.953329 1.249665
E -2.653103 549.922631 1555.933506 1.858501
F 1477.282345 1329.012937 1.328471
E -2.618079 550.104696 1604.846540 1.865397
F 1483.154670 1373.371243 1.423039
E -2.582229 551.804031 1651.327116 1.872710
F 1483.154670 1373.371243 1.423039
E -2.582229 551.804031 1651.327116 1.872710
F 1484.677281 1417.920013 1.519858
E -2.545192 555.110242 1695.082014 1.880042
F 1481.888078 1463.105060 1.616677
E -2.506394 560.208107 1736.677855 1.887515
F 1474.942556 1506.955569 1.711245
E -2.467366 566.955022 1774.551547 1.894659
F 1474.942556 1506.955569 1.711245
E -2.467366 566.955022 1774.551547 1.894659
F 1460.095795 1549.695566 1.877865
E -2.426191 575.777016 1807.650664 1.905805
F 1437.443669 1588.536603 2.067000
E -2.383399 586.735317 1831.670513 1.918434
F 1410.164513 1621.310378 2.231368
E -0.770735 1845.605985 599.177596 1.928687
F 1380.118161 1650.647970 2.343948
E -0.728806 1852.834546 613.248002 1.935877
F 1380.118161 1650.647970 2.343948
E -0.728806 1852.834546 613.248002 1.935877
F 1348.675733 1682.870077 2.343948
E -0.683380 1859.675034 630.127006 1.935877
F 1317.720784 1714.592616 2.343948
E -0.638390 1869.762841 648.026641 1.935877
F 1283.859447 1744.057595 2.413748
E -0.592568 1880.832960 667.107507 1.942147
F 1247.574459 1769.935887 2.506065
E -0.546656 1889.267002 687.007258 1.949047
F 1247.574459 1769.935887 2.506065
E -0.546656 1889.267002 687.007258 1.949047
F 1208.436946 1792.348262 2.605136
E -0.499722 1894.102197 707.980132 1.956304
F 1167.172174 1810.967785 2.701955
E -0.452120 1895.077218 729.710715 1.963486
F 1124.825732 1825.421934 2.796523
E -0.404577 1892.357995 751.685426 1.970435
F 1124.825732 1825.421934 2.796523
E -0.404577 1892.357995 751.685426 1.970435
F 1081.106203 1835.750087 2.893342
E -0.356340 1885.926426 774.076586 1.977485
F 1037.125319 1841.815506 2.987910
E -0.308139 1875.917037 796.376843 1.984305
F 991.545556 1843.712031 3.084729
E -0.258012 1861.946089 819.314783 1.991468
F 947.562789 1841.297280 -3.103888
E -0.208989 1844.931325 841.340890 1.998162
F 947.562789 1841.297280 -3.103888
E -0.208989 1844.931325 841.340890 1.998162
F 902.961732 1834.651323 -3.009321
E -0.158070 1824.033312 863.631640 2.005070
F 858.894907 1823.529494 -2.910250
E -0.105924 1799.439547 885.686382 2.012204
F 816.406307 1808.425126 -2.815682
E -0.053214 1771.626129 907.034161 2.019065
F 816.406307 1808.425126 -2.815682
E -0.053214 1771.626129 907.034161 2.019065
F 776.067766 1789.459014 -2.718863
E 0.000012 1740.934739 927.481135 2.025867
F 737.440708 1766.523924 -2.622043
E 0.054988 1706.825887 947.294943 2.032725
F 700.997703 1739.965865 -2.527476
E 0.111917 1669.665157 966.271216 2.039517
F 667.775935 1710.513843 -2.432908
E 0.170146 1630.457592 983.930174 2.046130
F 667.775935 1710.513843 -2.432908
E 0.170146 1630.457592 983.930174 2.046130
F 636.074174 1678.993992 -2.369863
E 0.232480 1589.593678 1000.695873 2.051854
F 603.850215 1647.803789 -2.372114
E 0.302522 1550.964305 1016.663926 2.056847
F 571.512815 1616.479948 -2.372114
E 0.383666 1517.587001 1031.485867 2.056847
F 571.512815 1616.479948 -2.372114
E 0.383666 1517.587001 1031.485867 2.056847
F 539.426092 1585.398928 -2.372114
E 0.476088 1490.782403 1044.053308 2.056847
F 507.296237 1554.111795 -2.369863
E 0.580683 1471.305525 1053.416796 2.061827
F 475.072279 1522.921592 -2.372114
E 0.694641 1460.512017 1058.479460 2.066796
F 442.484201 1491.354931 -2.372114
E 2.384780 1058.525813 1459.301070 2.066796
F 442.484201 1491.354931 -2.372114
E 2.384780 1058.525813 1459.301070 2.066796
F 413.596205 1456.969822 -2.284301
E 2.500853 1053.458317 1464.147862 2.073205
F 388.659072 1420.659297 -2.189734
E 2.610311 1043.914529 1470.590004 2.079636
F 366.703178 1381.068809 -2.092914
E 2.717068 1029.938574 1478.156294 2.086394
F 366.703178 1381.068809 -2.092914
E 2.717068 1029.938574 1478.156294 2.086394
F 348.649883 1339.746882 -1.998347
E 2.817125 1012.471246 1486.213936 2.093011
F 332.945651 1297.896214 -1.939805
E 2.909760 992.374284 1495.627610 2.098505
F 316.659888 1256.111215 -1.942056
E 2.994838 970.364266 1509.586719 2.103387
F 300.626320 1214.602710 -1.939805
E 3.070794 947.736030 1529.249145 2.108182
F 300.626320 1214.602710 -1.939805
E 3.070794 947.736030 1529.249145 2.108182
F 284.513547 1172.937784 -1.939805
E 3.139394 925.056293 1553.987337 2.108182
F 268.227783 1131.152784 -1.942056
E -3.081699 902.961149 1583.464431 2.113042
F 252.067968 1089.318915 -1.939805
E -3.025305 882.013514 1617.035288 2.117890
F 252.067968 1089.318915 -1.939805
E -3.025305 882.013514 1617.035288 2.117890
F 235.529709 1046.883185 -1.942056
E -2.972924 862.251276 1654.957632 2.122879
F 219.449778 1005.579866 -1.942056
E -2.925974 844.692307 1695.353087 2.122879
F 203.289962 963.745997 -1.939805
E -2.881859 828.655835 1739.389671 2.127705
F 203.289962 963.745997 -1.939805
E -2.881859 828.655835 1739.389671 2.127705
F 187.051308 921.755562 -1.939805
E -2.840527 814.334382 1786.590990 2.127705
F 170.765544 879.970563 -1.942056
E -2.802052 801.815873 1836.586438 2.132521
F 154.605729 838.136694 -1.939805
E -2.765932 790.962901 1889.322425 2.137325
F 138.951202 797.978520 -1.942056
E -2.733227 782.014667 1942.461213 2.141753
F 136.678599 791.934828 -1.939805
E -2.728485 780.788921 1950.619362 2.141853
F 136.678599 791.934828 -1.939805
E -2.728485 780.788921 1950.619362 2.141853
F 136.678599 791.934828 -1.939805
E -2.728485 780.788921 1950.619362 2.141853
F 136.678599 791.934828 -1.939805
E -2.728485 780.788921 1950.619362 2.141853
F 136.678599 791.934828 -1.939805
E -2.728485 780.788921 1950.619362 2.141853
F 136.678599 791.934828 -1.939805
E -2.728485 780.788921 1950.619362 2.141853
F 136.678599 791.934828 -1.939805
E -2.728485 780.788921 1950.619362 2.141853
F 136.678599 791.934828 -1.939805
E -2.728485 780.788921 1950.619362 2.141853
